barcode;amount
48195867349;6
31685751833;10
78778135920;20
97401573093;26
44052912346;14
90510227427;18
58892193474;2
10591847069;36
89012159942;22
63819360901;20
86155092853;18
64718572908;18
91478316416;6
55624870755;20
31928707586;38
25751056281;6
12429871019;12
44634808465;30
92313908410;28
16782960800;20
87546923093;22
95981799201;28
42075749327;34
68378792986;12
66439973565;8
84564017552;22
99258643933;4
39651008714;20
57442350118;6
89446504640;2
12373221928;10
99037978779;6
60038075490;14
77878789764;12
59432225230;20
93421294987;12
93970728278;38
42514106774;36
44297229120;18
64170756061;20
21180266210;4
22266509503;28
80714109262;40
55150032702;26
57015295086;6
49904213833;16
21986469301;14
43713409339;20
44848942163;6
17675942863;16
79245647938;36
66522374708;4
49256462203;2
63985939736;36
86015722108;38
99035181014;14
29491189313;8
68604322995;6
48168922869;26
79205756095;12
62834287888;20
72174123016;4
94518200175;10
55054465503;14
26422308770;24
80787169148;4
26249925105;8
19806218304;6
63525234454;6
64572038382;20
70366784809;22
75568516076;16
86457669877;20
67474055529;16
60331200533;16
67347561409;42
86439881062;18
85986865665;8
93680433213;6
65690412488;24
14033308034;6
71193673814;12
22822092850;22
29092181368;18
79542935371;14
81034332302;18
52219822998;10
55700891340;6
88776201237;24
11595422999;16
91433001332;34
94750386764;6
89446589850;18
81279145481;28
19090376459;14
71131395632;20
70433278304;10
62967005013;20
59636030891;28
11056915800;6
57846399354;36
92069272405;14
45163075642;12
71320882808;4
31523689940;30
39569827068;20
55549049886;14
36487300281;34
66385382456;14
91420578236;6
68894332385;14
56822188537;18
93561569913;12
23587051543;2
54578295291;24
94604333572;16
47465179230;26
88164837998;12
75862695198;24
66545921160;48
78667719445;22
34366911555;12
44471149041;24
47591205780;40
42414069078;24
41624334675;36
12241698190;18
61858306408;18
41695336166;36
66364527925;8
85819386954;22
76525421950;20
34496362560;8
29301776884;6
25360778550;2
36314732158;26
54469694143;16
82187642713;20
95054068645;18
97827943964;30
25713464655;18
24071057671;4
35267564916;4
83999906281;12
23609657808;26
74216192742;8
68388963757;8
95007155832;18
30293507239;14
42881676401;34
14327109886;16
84046408607;18
65766881594;48
23921305232;10
25926186729;14
43517876517;14
33470792748;10
42430399636;24
14892873434;10
66593581423;14
69727737245;2
73591252732;2
20541059595;28
28414340659;4
92494577724;16
61905167697;10
38819034559;24
95911709038;30
68572493293;6
24154850894;14
57106484903;18
96075031427;10
40563085708;18
37816384138;18
16745654801;10
14536438848;30
71855582795;12
62974550972;14
75243734766;2
61509946819;2
76468807075;6
96409835232;26
68303302736;38
50835873304;8
41612004899;22
28952727659;14
98478047504;4
72674184209;14
75550157252;20
65225606246;18
39591874492;10
67157084572;40
63839799552;8
91601336496;26
74715714253;32
82615737856;12
80295899323;4
11314477547;8
85690678454;24
93081453007;26
39783150523;28
30459475915;6
23649157038;18
20812731555;6
88947272263;6
93206688551;8
89968249947;24
78988775199;4
59146861686;22
45293793091;20
29948017865;24
59240390121;18
74456399122;18
83174121124;20
14153379267;14
17030466567;6
64848830792;12
68572746704;18
69469425228;4
78618764965;16
28110313327;20
51078354965;34
19683027589;4
41233341074;18
80757832943;8
48361005936;18
27738107131;26
65070756696;26
59020944808;6
16362615737;12
75098657759;22
62333390421;26
86741031933;20
49292234645;14
41767761095;18
23032790051;16
29968857988;36
12193189607;4
21515857551;8
60056240211;14
98358414673;16
90530328146;12
16649369492;18
71971444871;4
71447330342;18
13567942298;10
13506935826;18
74605522683;20
94196881473;42
20709274701;16
67871027179;34
22495809106;40
43635290508;18
74682673318;30
82431552812;14
38886242284;12
41392173486;20
90757782167;18
78038899067;18
87717608991;8
89884370430;8
33376378446;16
21544730236;8
76722869726;20
65557643812;14
25351947671;12
79492959382;8
79357966578;4
96574588830;12
54240901669;12
34308039275;8
61725523812;12
92435563281;40
45013305050;6
27212227292;16
78908848542;16
64587712668;24
93629376148;18
93868087173;14
71352078145;28
49657807958;10
55457675636;38
14692367451;18
21872339837;32
27243226475;12
97564875374;34
89775443699;18
70415828378;4
22752535977;16
95920146701;6
97187492641;10
44361793082;20
76406140629;20
13616793291;24
41431124319;38
44770448343;4
56119611928;12
50000398936;6
48543740989;22
76578201816;24
71146254202;36
40367785014;38
87945380656;30
74317820456;4
27746283764;8
26030610508;16
82462593519;2
59659117884;2
85212488407;26
38065747044;8
42686934527;4
64195365029;14
53433685991;14
26729173403;34
52477650054;6
91157944737;28
44537155162;12
74351159483;18
95834220547;4
64218808820;16
50792376079;2
93281943856;16
22714265060;8
73967008589;26
44872672762;14
65778143742;24
12408754490;18
19142479292;16
96599500275;30
93379933341;20
37168653211;8
75386864548;2
22962092284;38
40453512411;2
79399855290;12
36891952338;6
79732969788;18
36716687261;14
21363487675;4
11176671679;24
12864087777;8
67401673380;6
55684135847;2
90661585586;24
13845715462;14
74761153735;24
37333007677;6
97800570408;12
20027788119;34
22639547374;6
88973370899;48
11853189233;16
12661391903;20
52110669143;56
42160587776;20
13370206181;16
15410179346;6
68486748335;20
10716513231;36
13102832400;26
41777482173;16
58147453254;24
99119362904;20
61068115347;12
94232837443;8
88344845253;28
97430765105;40
48911471891;32
66049841263;32
76277939598;14
91527252394;6
20630659032;34
20643716154;24
75866262911;26
99795423952;20
66979560147;28
20879419040;14
30448207915;10
88145406696;10
48772829459;14
78022214723;6
13579750909;26
42079456512;18
84133957229;6
33225728881;14
59480672128;10
69449642724;6
74412492692;12
83411466670;8
91054929202;34
19974541004;18
22294311497;6
45032127460;16
14584657364;14
42330947568;8
32815928430;34
52477367830;18
40269811674;40
31947203734;4
55742603033;26
81434253625;16
29683031903;52
28378000646;2
96377836945;16
19662027208;8
26713774326;20
19336462769;26
27308926428;4
77155458471;20
29082219128;8
44991754816;22
45289729490;12
51670781867;10
47480327055;52
49501773051;30
61847452652;18
15241653619;22
69745275059;20
86076815118;12
36502765794;12
30687532436;8
65276624549;10
82860725011;14
59691796810;24
22711288220;4
14471216019;12
98047110808;6
52865557783;14
19433801759;12
77024443980;12
49735406963;8
78788786633;22
33814102057;32
27043639557;14
25731302933;16
54980524983;16
16058313261;4
69931786873;14
80159773961;28
85193719991;8
32333260547;18
63488585566;10
85463688939;28
98906334636;8
29324944056;8
90794857380;50
57336348773;8
61090102118;20
37276768541;4
21900036237;28
59337202775;10
61900986491;6
30572444449;4
52245857971;10
20493332458;20
19173894824;4
66917169242;8
68662192879;18
86548131070;20
51822798006;14
76973754155;16
52179494667;32
90558401085;12
47061967639;16
55515475641;8
19678120322;18
34794694762;12
77486820204;10
85666190899;14
50940322870;32
17880804650;36
41867303317;32
71434744227;16
18426968150;16
18923849768;8
56893605527;14
68303102319;14
59134854360;32
84489301652;18
14097862103;10
34108187121;4
69743210346;6
22069382537;34
80569138598;34
44829064448;4
30260331211;26
27426618776;20
22158804501;14
48562023829;10
68501951509;46
99507323023;2
94891187327;44
40831041656;14
81757843023;30
63003424546;4
27310737693;2
86820555830;16
66911818766;10
86937819903;12
53114690443;12
63557045493;24
14773511641;28
30086171120;8
26357464849;24
51366086414;8
79295260650;20
73857734751;28
89682950412;8
29279475778;12
18592327453;14
30851306057;4
84994668235;4
83784346375;20
33100358034;10
16524766071;24
45859484489;22
77772533527;20
59735307554;32
40113680616;14
15947222086;12
89370668960;12
16380975381;2
50439559108;8
60125577178;6
54648466303;14
41241842210;4
93417090404;20
24025192621;22
52514531132;6
51209271426;18
49210881653;14
76633306091;24
68960944045;4
31794292708;18
38114229805;14
70528789697;6
61760839612;38
65734969352;20
60301185467;16
28174244985;4
97168853730;16
32679484767;26
99606133093;12
64316876652;14
42800706279;12
66338035006;34
75221578552;10
81493746891;4
18216935453;18
44342756043;24
62672049253;12
55242641638;14
28852531051;8
11280687530;18
68862442375;8
31863316994;20
59482781769;12
75526562396;12
90016586510;10
70578638931;8
23267213154;20
67701113209;2
73071577649;18
41545722666;16
58825872377;46
39830054513;16
52911083882;6
62513541503;14
94880531051;18
80757847115;8
44562381122;20
41118901701;6
78558303063;10
22414837842;18
85517221065;38
74493784005;26
30771592130;6
24417150103;18
91449769785;12
85122486528;36
18772843788;42
98288584184;14
55762741929;4
33031423444;20
74171542042;18
88704396558;4
22857778026;16
76012290577;32
18889381932;4
10373318993;18
31951881050;8
10538551114;20
98113884479;8
57796856755;24
62263345625;24
14149524145;8
64446135410;6
71171131988;20
87523953461;2
40470760241;20
94964243740;14
35898941231;42
56698418502;10
72941344335;6
48664587126;24
63033339392;20
27096024794;16
42464150903;18
56618890934;2
15460299594;12
57376676656;32
24092603851;34
10580486968;14
96083655333;6
73546788167;4
33155334239;10
89714518831;10
20725607745;2
66263221523;16
74823316273;10
12310494172;22
22633100530;18
65597599514;8
83870868701;4
23154816745;16
94386647663;18
96071904557;14
33960545839;24
84998983882;18
91818366946;2
20481079940;18
99289643389;4
16604116780;18
64452551163;26
11762222758;18
18427149801;10
26328837147;16
85271638174;12
37075338467;6
79200164085;12
40459661667;20
74486885519;4
42973265370;18
47043761873;10
55379137745;28
37630940303;10
26286798224;24
29472770105;2
50165901843;34
81843106631;8
26878196646;6
37819682818;32
37283892316;16
55113894610;16
83442717516;10
72036388148;24
51822334145;20
54249303014;22
62415289978;20
48580624254;6
55193266787;18
91760178979;54
25246675860;12
48339922946;6
10967780559;8
23802034551;6
88117330572;24
35111190130;48
74829652697;4
32537338044;2
67750402154;4
54048117740;18
39550497258;42
37698853337;16
53980156717;14
11066239219;26
54630867812;10
42690229710;14
25183099291;62
86307759906;38
92039429471;12
95612980931;8
77529215396;2
62131764808;8
54659915295;16
88748584952;52
76142864472;12
70578268949;28
38788165643;28
65550805641;36
24629406037;42
20263360234;16
99579760733;10
79640643523;38
28167851228;26
84582759742;22
88797047036;28
64569051186;32
32997000998;6
84240455718;14
48764134431;6
61281570955;20
53854706570;18
18325172836;12
89165174817;2
92355784523;22
83055303143;14
77027744443;18
91753421433;12
33145761171;12
22703894256;4
22550446903;10
88466527059;18
26769272552;6
14458104125;28
52695195629;34
69739417852;18
37438291379;10
73496692478;14
65260918686;2
80412997014;16
49807103583;20
57321726915;2
46531425595;6
99919162954;12
51462658492;14
23238237860;20
85271994290;16
87378195569;32
39419366215;18
34583849641;20
70282711858;10
52279537142;14
81411223549;6
89555067465;4
31001846877;22
29797055465;18
49707608617;12
92914420488;20
45649602355;4
42679766458;20
82608217018;20
65302726826;14
95932235630;16
10344485450;10
50688167315;8
49293191392;30
31401592563;12
51718060245;2
45933746375;8
56565288819;20
63828843150;16
11161746355;34
59838145236;22
88293727338;42
27777019788;40
82170105522;4
33577281742;10
16674773471;22
23345371775;18
83922377242;30
50773665264;24
64657795057;4
50477373003;30
88612575760;14
83642911338;14
79432571583;18
39674291990;8
51948305230;10
16596055832;18
81894613652;16
17964155952;18
20378886458;10
19886106077;10
41889529870;18
70490058280;14
85357959004;4
83227127827;12
54700453014;16
69632881900;20
94766953964;16
67700183053;2
41303213305;40
42546266439;12
76137339069;24
32196089980;18
64060203292;4
52130956640;44
87237154328;8
96483720138;6
52793798665;16
19324187997;22
41451794796;10
98963023019;30
38531374786;2
26926000418;54
65257926015;20
40595559309;16
29595262232;6
43064201119;6
99657232635;2
68220258879;8
30970649811;22
19090874369;20
11957916435;20
93176329627;28
77390032609;16
32157281411;4
62105975578;20
84194022111;18
24883981763;16
54628715819;16
55387995069;26
43971204702;8
94493847999;8
43408253838;18
61263880552;20
83061664744;10
72576583497;6
21520352635;6
45559613809;6
37569140122;4
49839671251;10
79716397362;4
52810596676;30
39796042868;16
71244307962;14
96296740671;10
94874652615;36
30505065843;4
57957925698;18
37685605636;22
46011649573;22
34556198294;6
15803274542;4
13684495064;10
24331092092;2
42344341106;28
91462640795;14
36914522660;2
29288332746;6
30736947366;34
48687217033;4
29156276090;38
81546125995;32
25382482219;2
87435233980;24
61241325959;18
65984690830;2
43363293245;12
53985856564;16
75969896863;2
98285269062;12
86518174328;8
31122397265;28
36807343633;4
47022229671;12
11321390932;8
28734831982;28
24823417576;10
26335134023;8
25020328456;6
41632909920;16
28022758641;12
87539816973;4
80869715267;8
59995548677;6
22277715359;4
47044608201;8
90143755049;2
54830273639;12
97769113332;12
93685463829;6
61272415471;4
54962593198;22
29034937128;2
17528754878;10
69063863455;16
75094782148;16
24048436813;24
52634041330;26
20782323313;18
26294044671;6
37154459817;8
17496409678;6
63652830826;2
10998289622;36
79178946475;16
77167076113;14
64495382101;8
74601812070;4
60259932410;4
57868430749;10
48848432922;20
81760026678;14
45778115962;6
77015198571;12
41187506381;20
15572411319;6
20240495266;6
41104078676;20
92222103901;54
50616145868;14
54178026764;20
47591194376;12
43891324006;4
34022924235;8
63223170697;18
68510241508;2
10105501010;8
81269127116;14
38435499777;18
86963320508;8
15483292026;2
88342127908;20
73271027094;10
28671414767;32
37589970811;36
43199462825;38
39293628375;14
49864955872;8
12836517444;6
46821686565;32
27046979847;22
67466755285;20
29370981317;26
53988807493;8
62913813889;18
15755798595;24
65407197723;12
14288916738;4
65958452344;28
90935696745;14
13973629135;8
62041623744;34
49986895936;12
79991160022;20
52318678663;14
69735620154;2
40532888721;18
86363915968;30
91660053575;16
12100577380;14
43393968303;12
22489392878;24
66920008411;8
23816341809;8
27157581093;20
56165128960;6
91090978702;12
45374811119;20
55281180809;2
77299943897;16
22702515302;16
20026759095;22
57053225708;4
28865497271;22
75494123492;20
42410284947;24
55869616602;2
54962375898;34
76655414934;26
94143522498;44
46883587300;20
39468056587;28
78036958743;28
73199138979;10
84255264718;16
50257314448;14
63555447722;20
61942674636;20
35966325649;38
80699832454;44
74245960106;20
61201029256;24
99048424078;18
16080242043;12
17996610664;22
20741205464;14
42982801332;16
95055436709;18
29103138322;18
66873232408;4
26908591233;34
10969942873;6
73083891556;16
87122812685;6
10857655527;8
51588480066;18
97793949242;46
87161321817;28
18758785295;34
43684597644;2
44522067210;20
97052755982;18
65220396742;28
64410955056;28
67316500891;36
96750417998;4
18598274527;8
40588202839;12
48552953983;20
79702034690;14
55032329783;16
81300638476;10
31359603150;6
13969614467;20
10177478974;8
36326995094;18
59892747848;8
32297089263;28
36693597356;14
31166914023;2
79634776360;10
27611285203;4
48262302534;18
93990829799;14
25944044217;2
33862726050;34
69309439045;12
30149744590;4
37719614812;12
90888956538;2
32581790522;6
80432348900;8
92328627619;26
15892725657;42
77749381566;4
73948099243;4
24355169344;6
50582426230;10
50376759926;20
72584467507;2
48511367597;6
39553184473;6
79891480061;8
68523296108;20
27227592949;6
48744797971;10
20349775909;18
48516987757;14
77840911123;16
82806052629;8
59672970666;12
21703945801;32
62529019598;16
24395729915;6
42844762894;30
45525884695;10
46199535556;10
51335922552;20
88498230834;18
68793320037;12
95981184858;20
66555863097;6
25592792120;32
20641507948;4
86781657972;16
89896639106;40
44077272995;6
80893626829;20
54310611013;2
74158968382;12
35916183779;20
41822763690;14
80270578474;16
20506897676;18
84318933698;2
10984232685;6
74854925356;22
32761770890;20
27219355493;18
29542962668;6
94511880941;36
49786930161;12
25739357812;10
61755279894;32
69712368484;10
58650468121;14
90360016554;2
68799226918;16
87078161911;10
54544214941;18
76423622146;8
82484890677;34
55320761448;4
87064494767;16
19651461919;10
91720399401;4
98069559643;34
98221025169;20
41027145532;22
17304469675;6
94809609752;10
45394130689;42
63728269527;24
73263044395;24
45250546015;28
74117692229;4
68307868821;20
45456178171;16
40654309779;8
83498944125;2
58130274043;24
28244193461;26
46869358634;20
91720947183;18
43900762291;28
74032744837;36
52675574032;8
28637845074;16
28407016341;12
93641390011;14
56244847817;8
75461266322;14
28175859414;26
39130709300;10
47061243432;10
36017913525;16
43428799142;12
66940843993;2
58502862470;22
42054299843;12
50461530752;34
55522454674;8
66168709602;2
30420735536;2
58779851610;30
10636639348;26
92458508252;12
21763454598;20
10661853289;18
14165856426;22
84168471387;20
60433855845;10
34750131768;4
63573101545;20
43927927954;10
37970521702;18
36907844843;20
17444496902;6
41546851619;2
88827170650;22
14592026058;12
16140259750;36
19013783593;4
50571695017;62
85168329788;10
69456155488;4
81687104675;18
28656024746;32
37167327442;48
94602795025;20
55185030731;28
95223074001;4
47113418197;10
58270280850;54
64905809353;16
30367789707;20
85777137255;2
89838028921;46
82111728224;26
19813017245;20
96449640483;26
86791877407;10
96657014618;4
34790148283;2
83864674169;18
82897485163;38
24068579407;12
67191453839;6
15927760861;16
57196535956;24
54006215551;6
61141629347;14
58056672136;18
19771266720;14
47867950624;14
82229491821;22
57838862550;20
84798787120;28
25953864531;22
70274205041;10
97148926324;20
11806365154;32
76084153592;30
42824968273;14
31293066233;16
50129543383;12
33008566094;10
22865737118;12
23226594554;16
36044716840;20
97731672488;4
92586931240;6
74386880601;2
15050619056;30
18437560023;16
94617278059;24
28510113487;22
59972174261;8
47122300575;14
74883844605;2
43565307416;12
12926602921;20
35914136868;24
22093882102;38
61437479569;14
55299740930;14
34125273114;6
50960808437;22
31961827440;4
51345815017;10
48831605122;10
40978746378;18
23931137008;6
60157296587;18
39004761856;34
94745741878;8
62517787181;30
33595446427;6
64642811261;24
70339475719;20
64523250214;12
50273470438;12
77518162259;38
55599671855;20
44689125426;12
20635825309;14
74844046374;16
13083314734;6
89125643259;12
63498837335;14
24733232052;34
69319544607;38
49711997502;6
36978137995;14
48000729943;16
61442808461;12
97118055040;20
72068791137;2
23757545071;26
45598881968;4
44584992309;2
87455305369;6
27549518663;10
76403304932;20
46792611310;4
85767215018;10
85886268113;24
19635402541;36
31656879623;18
26341759940;18
13891825924;10
20767276210;30
62927449919;18
30672925324;2
70643856429;16
71025386973;2
38506433967;10
69531953853;36
91550679962;22
76349951413;22
99624907124;16
38510868839;6
27047080806;24
24533627063;8
11014963172;16
92221759308;12
90695071194;20
85769817969;16
88582660154;8
87152217336;16
21343895178;2
12928806668;4
86963726215;26
51725324477;24
49775909922;2
75120572101;28
10419283530;26
42557682272;14
47881663086;14
80976470606;8
85557998043;12
27707954289;20
51100598157;10
91875214698;6
67189149087;10
72558940926;4
30168916679;14
10206431360;18
14086551345;28
51546045551;20
97621604127;14
79798180272;2
26428027511;10
34159858417;10
85632169275;30
10559100192;22
37297733439;24
51349489620;38
34526833212;10
29600305665;16
96110965899;20
80158917850;10
43037379236;12
71257310537;18
67171315768;28
89150184772;24
91870217498;18
46883573973;8
34238024508;4
54412491602;6
93435012263;4
38971324467;24
85085939030;2
53617057844;16
64749265804;16
14523563214;10
79554253956;4
65622986434;10
53594688531;32
63893311225;14
80701883104;14
44306465586;14
57193890361;2
26632306521;20
11836327543;24
78284966838;34
93758350873;8
21136245496;30
60471983585;16
95419992092;20
38901519372;20
50272348842;20
65000167176;2
85937450322;4
18288348400;4
97846337076;18
84995861736;4
71944004213;10
11639407260;8
77172001922;20
64957010943;12
70660463549;30
99602205845;2
19340115586;40
10875980256;20
33156510241;28
79355899669;6
92542662538;18
28493340792;4
67861655118;18
61614945737;8
54348237976;18
71356420673;12
56163335060;22
81460447921;10
58121386314;18
96234621331;26
82252068873;6
50870722055;4
85500770460;4
87869998598;44
63813934663;12
64328419710;18
64551484341;14
51911118370;32
45850191570;12
86516026326;18
16999413317;8
34920350060;20
46654482693;24
34698197669;20
30741415884;10
34568427452;4
63922196167;10
65604676766;22
15241845518;14
53154737383;16
42950598984;18
21791088142;14
88470037780;12
60014608008;18
76372504873;2
24678062420;8
77234598438;12
54087929593;6
37997369338;14
55086120666;18
78063083360;6
28658729950;10
99990550444;6
41276358583;14
16375590612;18
48838207738;22
29340097221;14
31511251146;12
56686922709;26
36826723719;18
90576141156;28
16035604490;34
14548860137;2
33394168214;24
23102548201;16
53635274267;18
98216653544;8
95571838812;6
44118069640;4
45772120354;32
84494320144;14
74111476732;20
16252896159;32
56350099830;36
72662596080;4
74093578016;14
38742589766;14
90632511947;6
43846114299;20
19026149002;8
46729258682;18
17061535048;8
45412456302;10
97667843604;6
73242918254;32
94271532765;58
34738590404;18
99204074423;20
87917810457;2
59867172340;18
44085654441;4
63840731133;2
57683088415;24
43030441588;34
82679988343;2
76249001580;12
46417350613;24
62230676075;6
73740007066;20
27051798472;10
35720235383;12
12324339825;18
45256315935;20
80691396262;14
49118315244;46
25815138350;24
63071144253;10
50256904569;16
22858308494;10
42616665394;2
11146518499;26
99519486017;26
10586413313;12
35582741384;14
29725233674;14
52559816977;32
38236997575;16
81356690046;14
81291803763;18
59726000812;6
46326856450;4
41063510437;18
34409445357;4
28986048087;20
39286956393;2
58987301368;4
28459538344;20
26882535407;26
13282189962;20
74842958123;6
88692950167;18
36297732903;18
15656894512;12
77827069694;10
64691677783;4
12820640279;32
33313384732;2
17500237983;14
20544552651;10
83299539485;20
94915886309;4
45123642235;4
83375049103;34
71069920672;24
79815185460;20
95389556580;22
30617050962;20
97476386372;6
59796224145;16
41356609317;10
79044757219;18
58944356958;16
69776836189;4
26566192870;28
91610089746;26
25232260371;18
84332839478;8
24601943122;18
26927388576;6
38559888538;6
73530019231;26
12554733148;14
11627803510;16
27872399016;36
52357449535;14
61755364448;16
39818046793;24
89274719018;20
97396848086;10
99180642272;14
62357359461;20
71310624849;4
74107623458;18
99170128600;2
43775339807;16
86251301952;12
77930151091;6
55706114476;28
29158897454;8
96108182835;4
13906929466;14
91850447676;18
37959802806;16
57415058776;30
42258543930;12
68488832508;22
46210467297;2
30648419037;14
31686782553;4
19569206147;14
82150768360;10
48971358942;28
62199096831;14
75970405195;20
57524321335;12
29826208717;16
75694487246;4
30392970098;32
82441139641;12
12646060982;16
50171050854;18
31610161331;36
59311127883;34
68793283515;2
51859548743;2
38238207950;12
67517854762;36
31845951358;18
63685524476;8
31004465921;16
74963477854;6
96342616073;22
61942636622;18
88104419477;10
64762963622;4
11883862487;2
88059783658;16
77488812137;26
83958838985;14
55725218784;6
75266463741;22
41296778088;14
89831094293;14
55135677948;38
18093210667;20
33120000488;20
61904324137;4
22967858533;20
49398946538;20
55801444399;4
91757794105;46
28795011192;22
84974051728;32
76386524696;14
40940554776;10
86865701546;14
29006131079;16
65774362943;12
74388155552;2
69020665993;18
91616809853;36
38776408388;4
54981269258;8
38752534494;8
82586339667;46
11062852306;6
87375993226;10
59515591590;14
41848149164;8
17679903489;22
39400863816;32
27392294209;18
73205380300;2
12609990413;16
61740234780;2
50013545405;12
83103805179;16
84841439226;6
23404721461;36
43570896934;2
25176202645;8
12729643841;4
85827989225;10
15368968202;8
85211223386;20
81608182479;18
54368571276;6
38559013511;24
60284455705;8
73113423560;12
14710053174;14
24359957247;10
78336904634;24
57028601280;14
68691920976;6
17112700777;4
61263619662;40
59438114349;14
21094759005;2
56952537356;18
24091963800;32
24569580598;20
22366919940;16
61240458620;6
60055551990;8
22349546394;8
66657401746;16
52265964138;20
78485806322;8
17282387127;10
67728447391;28
90174028737;2
47578927052;26
85055188797;14
13522128307;20
49701781985;2
58856134441;6
81498117197;6
90742068768;18
20735608964;24
60761177851;20
17982694578;10
90960677255;18
38487530580;16
19052289140;12
32456274424;8
59467066521;22
85523881684;10
47626897318;16
96630359483;8
79973166341;14
13716007213;20
61927747637;12
87926492738;12
47307672586;14
54679531275;8
20315114794;16
66265085588;6
16056551319;10
55775106858;10
38148160252;16
19835023632;30
68496574809;4
20841391096;4
65861764049;10
21958197776;6
52357621429;2
98833107102;20
90134864677;6
99678572251;18
52739049168;18
19443438871;18
72187332248;6
38334777459;36
53774378787;16
39919125632;18
92011338424;12
23507328895;26
87630741314;18
90035889490;28
65992652242;16
77473946630;6
14539837581;14
93355318787;6
43226261880;40
30396765677;10
13255935652;22
16861993251;10
90814849311;14
73883745522;6
49284114012;4
14330893298;6
28253348142;2
85771223401;10
55687634438;20
55517429158;10
76018605257;54
18664368737;18
73234180941;4
76789550765;18
20829536198;10
66709262681;26
93669317269;26
32630040291;10
97946099894;10
20958134403;52
39757412147;20
56450633299;20
66450864998;18
51892021079;22
13139527809;6
22740492440;18
39322336585;2
63016238167;34
45281718022;40
39255361678;12
29060413772;16
59228951658;22
42617135140;4
49627110907;14
57474839548;20
64710360781;26
31045117633;16
15413363225;34
75223774524;16
27536044639;10
48357726610;24
24228791797;16
99992749308;2
94594862088;16
45234487261;18
95498691294;14
46629124461;22
15356398211;8
78222067326;10
41744577765;20
86675384833;10
82557458193;4
50567855953;22
94727014609;6
70792450575;22
13928708328;16
76178913089;8
90515177865;40
92310775689;20
17637000134;14
51194083217;14
21795049456;20
34176558066;20
71489602029;4
93289292647;34
74285005985;14
29087955632;14
57907714469;16
69472526941;4
82312650466;8
91304823662;4
39143639301;20
80736530655;4
14951644928;2
32925572988;2
52905551162;26
21631601498;12
21649274457;34
90188332942;20
93101115413;22
50950188248;12
89155529725;6
22657905729;12
63244662535;22
57012603252;12
10678523683;12
40773257818;22
32023974610;22
25285410405;30
20923063541;10
14260343048;18
98045978490;16
12257031498;24
15789283166;20
68002920281;16
36572250034;20
68106954504;6
32421265697;20
60979945798;8
38094605456;16
56772837030;20
68348063795;8
21113166476;28
10231156269;14
22800375280;20
14475417590;8
12391123829;14
23199087856;4
45484934708;14
69066935789;12
89898952814;4
41008494745;20
57642360138;2
80553616320;18
71084880324;14
49888733521;6
43739930825;2
27530350279;2
65745405992;2
35373132461;22
93388133482;14
57369228607;8
58090650585;4
82333102571;24
42866215500;16
13564862915;18
22723327824;2
63346609051;16
59252803949;10
83759318655;20
50634314267;40
72472681158;8
15632738873;10
81767284153;18
67234781104;20
39950674033;24
74063085987;10
61057343217;16
54226256831;20
31894492753;26
31864066825;2
90308117865;20
40651496061;6
66182380449;26
95130818023;12
43987752916;14
17292437064;20
41042602686;6
47521013058;10
85523096826;18
78955571915;2
53288644960;6
55773087705;8
69968327409;12
46021041976;6
30100206171;2
77531270453;16
36370965926;20
18561906642;16
59924013530;40
29628383217;34
77506225033;10
38763479769;6
39217490697;30
92880933662;4
67141179550;4
15289819483;14
18059608461;34
97026281883;6
28211312201;14
89392877099;6
43827075813;6
39418014213;14
37116315016;8
84057648588;2
75286148994;2
55115126934;8
10209389008;2
66994330136;20
67713077697;6
50934778004;2
71286314710;10
43162565303;14
97947822302;10
47020436336;18
19596939046;2
65249680295;8
88859729539;14
65124218173;14
93667641180;6
66738700014;24
39220678418;14
79441388552;22
42084703515;8
29470481412;4
85977297355;10
50382534707;12
14742188381;2
62919228194;6
70414870332;4
61465650837;8
23792483873;10
97394390361;4
10261768508;4
56377059438;4
64778736309;2
37545763086;2
86198050421;18
60854902282;4
75346258786;6
63188015047;14
20651126736;6
87520878914;6
51876349480;28
13038835596;28
17588852822;4
85054499094;18
90238143243;6
57951212536;14
49905717621;12
25879711412;2
13234621349;32
34015880600;14
27983810829;12
13706385519;16
97819110354;18
73508272700;14
22491363288;14
45344355694;6
33420672754;10
16259608150;20
90805851729;20
74150631383;2
90020274937;16
30026387005;36
40379412115;30
13335298583;14
22554756808;12
51246449366;10
24398743469;8
25799370856;14
35921203865;12
94389656987;20
10825432466;20
92136341426;4
85752584824;20
43820420890;6
13655144157;12
55758767525;14
39532340420;32
69560629342;28
42413321515;14
22156867090;10
76172208225;12
49020465704;6
73484602785;14
27918690895;14
36247884081;2
95355661319;6
12463601751;8
30248610606;32
48800779047;12
88615463795;2
53892231754;6
66589125308;20
17836813861;14
91268320734;20
65770830914;10
75857721844;12
78050240604;12
76050392413;14
13554398027;14
29322491879;18
41488051277;2
23992905846;16
89989455297;18
55957229773;20
24347056393;10
98403332041;2
15244527644;10
27163033881;16
74031362399;16
52484911205;20
74926520980;26
81120318072;8
90214907052;6
74233268720;16
94718551897;8
92074303191;10
79618969876;14
11812638865;20
21788470485;20
36161053522;16
46031664040;14
84487380939;2
36696282636;24
47401242403;6
49742858958;12
73813173305;6
76705763610;18
65295097532;12
40384412029;6
71541814686;2
23136944738;12
73683521487;16
83585262691;6
11359128099;24
30574125864;20
61450053364;8
55992159034;16
43255032293;18
12839170114;2
84144104525;20
66969854685;14
80609683236;20
77706946253;10
36916466040;24
62677253985;6
61964742434;4
96120306511;4
81903064929;4
72546737637;4
52227575512;26
21723968971;14
96102020788;10
14873210467;6
36957481429;18
46591456437;28
94579287047;4
38777247599;4
96300718241;12
56329325342;8
67387166665;2
20525591183;18
24607055885;6
83540321206;14
96971017058;26
25626013949;2
72353390243;10
22130808396;16
76577125711;18
90448909109;14
33183539979;2
53878250294;12
66226832300;2
43907375340;16
77334647244;10
71589014506;18
33753321401;18
81452133323;2
13718152040;10
77045606561;8
40619797396;10
32457119701;14
67581947583;16
86721745944;30
61479561667;18
59807485608;44
73283142075;34
74544058908;2
79453518432;10
75833133505;38
58530130251;30
40299352367;20
22639497431;6
83603226857;18
84924585298;30
59437835456;24
56238110875;18
85874407509;20
98448232307;14
40324146960;6
20139024438;16
65914419350;4
29284882438;26
34774857531;22
70807711663;10
39920759085;20
31799135017;36
92072027300;12
97201847607;10
40990110481;8
44689441999;18
90192962500;20
99770403017;20
40529506103;12
36299749687;20
41888437455;6
45854277592;6
77853497642;18
46037125368;6
21690673341;6
93211931167;18
20224785416;28
44026836281;10
48541083086;2
77022882287;34
78157049585;14
79318017482;14
34226084802;32
80861191396;6
71437523547;20
10539521652;22
17096480817;22
48390055789;6
99146549408;12
67509705357;8
78393108969;10
47696308713;10
34233091808;24
14090369786;2
45983442069;10
13716653535;14
45858961946;12
89281391817;6
47824239966;32
72240734388;2
87923595840;14
20000346232;2
52737626031;18
78497829863;40
11683662886;20
47554986750;6
35097270098;6
30869906868;16
38669836628;22
20252609433;12
50676255887;12
40795655436;26
95659773340;22
98535474727;14
36658187612;14
61602798685;26
19418693909;20
65465427700;12
50890381466;4
97128341450;6
48707191146;12
22781204696;20
91956693361;4
86217439298;24
41629973312;4
46982248460;10
78721998850;20
59260171515;6
95339613349;4
18114419824;14
73208391599;20
54047356252;16
15169174426;26
99366927292;10
25303737516;20
71713183591;2
12641921330;8
51327474946;12
45421026301;16
20612650615;16
46930749764;48
46945974724;14
37222679117;10
77902282676;18
71446648887;18
41742807572;16
15885569420;24
94303186428;16
67154046663;18
20550640695;8
76425284206;10
52719230739;18
73795665702;12
78230612751;42
83304967814;12
20291189674;8
50469996519;18
66390871229;40
84543637176;26
19101271405;6
89178797974;26
53098391125;20
36340480056;4
18321074888;8
11786650412;8
72722173053;20
54134542166;6
21603897700;6
52088773903;12
38650047197;20
96415984759;8
70369296068;20
21200518971;10
81945990837;10
37243596472;20
60047594697;12
95348555364;6
43327774360;14
42767132762;20
24356265834;2
80664230163;18
35043345962;18
67433361418;4
49528135086;14
84977941928;16
52090593480;6
50084188724;20
94828316109;18
35874659381;20
59003262505;6
59706497454;8
81439368110;4
75213799565;2
62483565698;14
84481832774;20
53373065572;20
76101213827;14
36561740327;4
48750711060;6
35354146284;14
73568070994;26
53318950600;18
77829342170;18
45625925489;20
99323349812;36
12663891033;6
75807806304;10
51102116497;10
16829097135;20
19742844482;20
28391902382;4
48928154669;4
23678897354;16
34937087005;6
96148586500;16
70318326591;20
69332022682;10
60057502242;22
92439179690;18
80806879728;12
79585021893;6
75647585123;18
92193770429;18
74924446362;14
64018919641;14
49498555965;32
73251830104;22
96675803332;16
94840846484;2
70148447487;6
17288548619;20
10112341252;16
32190573207;26
89554365138;18
64902324742;6
80473122795;16
37235962737;10
32300723417;6
46918787648;44
96332467525;20
58012557082;16
75097912674;12
69935532157;14
98036274794;24
44069587100;24
79318004214;14
27287512000;6
94307285319;14
42788092647;12
21006663221;2
10863463390;12
17240409828;20
19260291761;32
70315737903;26
13765388233;2
40666841398;2
29570048783;16
59174668433;22
49389081184;16
69194997090;34
51304572281;6
68479654309;36
70012679028;8
52758945322;10
90982101793;20
76282760467;16
23353461953;28
50180521235;6
91868507334;14
97657223947;24
61900712393;20
78160410569;52
34659655245;12
83288717185;2
93033917085;18
66626577747;4
54620256925;32
87595278726;4
45278182628;4
46611993129;4
47509504430;6
44859566549;14
51271122144;12
51572569516;20
65965262370;20
89976814367;16
74677303765;16
79030688434;20
94644354045;16
29650451452;20
80420784150;18
50377792836;4
79404480944;8
77498502867;4
37326583162;6
72536543282;2
36372678853;18
49365123040;10
53559332561;14
96471612629;6
86394997684;28
72465135632;2
42274981311;10
85000524611;16
84544401525;32
60231424912;16
78239405734;8
19769683785;4
18246611520;8
37792243553;16
74681743221;2
22967205358;48
80637581831;18
57526570822;2
63679484605;16
95427288306;8
20257869330;14
91779915476;18
68281438178;2
76556150685;16
68985010145;2
31921004463;8
72456854718;6
73181769831;12
85540014162;20
96666808209;16
16000691436;10
46009249586;30
44158945429;16
22244624994;16
49333981871;14
61111727081;10
68333299794;30
56269104086;18
18523617544;18
69785425538;20
80748885280;8
59025421291;4
53679584816;16
49711314727;24
85773934867;14
53146821946;2
31044127787;32
60555166576;10
39870353164;16
26306746934;24
95707064491;8
51091175677;18
86179160177;16
29085834442;2
82728852039;12
98201233369;10
92144956635;16
54943001010;2
32154947560;22
95696509322;26
47074349655;12
38000397745;10
67454996720;12
30093571972;4
18116880132;12
39101751162;14
70939668545;16
22565183463;6
21422409767;14
89883059977;18
14094543878;30
94842793743;14
76176811931;16
31627147321;2
81381964071;10
96799088147;28
18215738779;18
66299576431;40
71035265296;2
93735534388;12
45177023661;18
12748942401;8
40979462118;20
77533440801;32
87757740610;8
95963304656;10
27025128949;4
95629716297;60
73985819057;10
88780696654;20
82621395568;24
85645088351;4
37743016552;6
23030062238;24
38586302261;8
19501644315;4
48372321909;12
94769602981;14
66369339977;12
25602136039;16
73127416698;10
32867171731;14
72886443750;14
12826876593;16
21214318247;12
12340018734;20
96384581403;12
39890990623;30
92674806807;34
19646884189;8
23027216827;20
93000332404;10
19381330532;34
97353996117;4
65348908271;2
65437906036;8
76475734876;8
98881695995;18
41233343952;10
10481426541;14
48222140622;14
40607795559;18
56585622835;20
97917703689;10
32924043044;10
23743359201;12
23018466229;16
58327966399;28
71130231217;20
41139903470;18
72069748403;16
31497106131;26
38117896979;12
73565356321;10
26693287842;6
21141972525;20
19362176663;6
72718758043;20
73402294786;14
64882797543;20
58521682342;22
98984823393;12
70312822280;20
94419756706;14
40977798941;10
38108685548;34
58150857058;8
33191283316;12
77918387626;10
50474598211;8
28033916965;22
61004766236;16
75418423943;20
12466026451;4
50026397718;14
36433294045;22
17449292276;10
29672050562;24
20856058586;14
19426162380;10
92001114789;18
24315642987;16
74339276194;20
78502176785;6
82207130967;10
42053879929;2
13494263296;8
99413941159;16
69435584502;6
34618634261;4
81459236963;36
47023331269;8
63806764866;20
50572930404;12
50378101354;8
84943320758;16
68342635057;22
32425436834;12
47123006910;16
92793400917;18
40598899016;6
50969466176;20
46296947727;8
79886878677;26
76581899063;2
89759137582;8
28419074745;12
14668773298;16
77137263343;2
73092052557;4
58991261631;4
24972354020;20
69122045601;18
66751899859;12
62195946564;46
71264268760;20
18396894164;20
10451129269;12
53759945957;18
90474513432;16
99774513068;2
88297821601;14
94862023798;20
49130492105;6
11657672104;6
72202943489;8
64075118858;8
34060955784;10
87392426617;24
50817767354;4
95192911460;24
43454322791;14
54608982994;4
47777273921;16
54798187809;18
92453579257;6
78438710113;2
87909009690;16
40413447876;26
98037259289;48
91177221712;18
27295216126;8
88683947688;18
47102905090;42
12278618835;2
83283869508;28
48065771481;10
70392892150;20
43947050782;16
46417463138;34
97739655679;10
47141464605;20
95212586940;10
27135756433;20
42938247062;4
49089959949;18
51730475381;12
97831460623;16
85326782339;24
47549962000;34
94077522419;14
58632874407;40
92908092375;14
69595217784;12
59119896540;14
64951480185;4
83439769951;18
17465684106;6
39926097411;16
24076590002;6
25726116390;10
91084844879;4
31695624556;20
22300554179;12
81125507194;18
97806636359;8
16267592184;16
26492056115;14
95164467884;6
37339151745;16
53036163817;12
64294117691;4
83795623277;2
99372747770;14
66790078293;38
92420802897;4
61724252017;14
46152015816;24
53971399402;20
54231854317;6
34258836107;2
31423370962;28
46123636173;18
24873696966;8
61623216212;8
17808930819;34
45251301153;20
50872988970;10
54630820294;4
46458987779;12
45073371085;12
97920395384;26
46413744347;32
89385639856;16
59411284747;4
59824475045;12
78059545516;10
92629578299;20
22816971610;20
67026488885;6
38642289825;36
62543498956;6
46833913522;10
43468192295;36
67064111447;18
68643252982;8
29117185466;2
68718861533;12
66551512582;4
97003320000;6
89246609632;4
46242193772;12
93898691078;14
61192332089;4
37486551929;14
90041275061;16
35895534121;6
89679187421;20
83783711800;10
11693392898;2
20002884531;20
67795095132;20
51023095120;6
68538756860;8
67351916255;14
87327949930;36
98400010782;6
89476575365;8
71152357674;20
74904596374;8
73954978870;10
42802855277;10
17221785791;20
88663580043;6
18764552430;6
13499407831;18
85106537245;16
32448624123;8
94496256285;18
36073885019;14
88543748616;12
55868667404;12
13603214193;10
30781778474;12
89889344534;20
40266860253;14
26084161171;4
61279144036;20
80431725295;8
32648624133;4
63869975346;8
25884973861;2
69708857951;20
37226672274;18
26888925867;16
58043412201;16
85077665463;16
25111122522;4
64944391673;10
14788529795;10
74210546454;4
28684550119;32
11289492020;14
65954395374;22
99401317504;4
81490627621;10
34881733730;20
21473818286;8
97633717533;16
54889646708;14
80341440834;4
65287158939;2
63587193285;2
71033684248;8
87685129496;14
40663541391;12
98378985571;2
50037963286;16
27621706490;8
13295924475;20
97540140824;6
87344275380;6
49537258458;6
15519301655;22
72473249649;16
42000788876;4
83877256900;20
52779406473;14
96014507472;10
92653935370;14
27814900652;8
32096702271;2
60080057130;6
62041798135;8
84397170066;8
87603596739;14
56854290314;8
24791774405;18
71605473698;34
26478765224;20
46065846110;26
31814137927;16
18669370147;8
86214880670;12
13883923843;10
49733217376;18
30687036858;4
32882619755;2
28909389029;2
77199094211;18
92170710488;16
73416977421;24
31661518074;22
33808360069;22
90724017878;16
22783544606;4
35371107306;14
53058552438;20
82115174029;6
83337866899;18
50093722757;28
56107204723;20
53490681173;16
82802295068;6
69084525040;12
36341145504;18
34286941828;10
30723671664;18
60950514260;20
99128818247;4
60664839478;20
13269539895;14
55689308327;8
57340173080;22
83208976395;8
98092317748;4
98153066492;6
77749128022;10
50797805184;6
60445389630;16
41710251624;2
56248478738;10
10073865510;20
76181758718;8
50559318652;16
82372256298;20
71377332384;8
22885043013;18
79581623607;20
48705455115;4
29288416318;10
97524385092;18
98443755116;4
16146141133;2
32781300409;6
52570605217;20
97425098917;18
98949602924;2
41372909854;8
12800636576;4
71635463193;4
96966072886;28
76940500440;10
72505855049;18
16684981312;4
24226661346;18
62137891102;14
94215212844;6
34270215419;12
19537993001;14
22443867661;6
72820263269;8
35220310002;10
84754007881;12
39919498886;6
72828156038;20
96193206590;16
55241556515;4
86406629695;4
48264899967;4
34913236280;18
96018512356;10
61407779246;4
39529975296;20
83341644870;8
51345071359;26
23338225054;16
44307036840;8
66898175841;8
30571882562;24
14397983165;14
35091379128;20
24031792002;2
62123017852;2
89048708977;4
27866941596;22
18986557492;18
55471420329;6
23917197295;16
96021562791;10
52642401532;10
66801901897;14
59717636560;10
24270471276;22
92863131922;6
84246488106;2
19863686092;8
76820274004;14
79832744890;6
64350784133;8
25553882669;2
40627817029;40
64251821058;10
81798753837;20
93030827286;26
62519047354;8
96151403064;28
92532283153;4
75310171133;4
37506085486;6
70731070665;40
90647871690;10
10742953637;28
54200115994;6
70118941721;18
58898336013;12
75509766394;20
40144444470;12
24714779076;36
22059756605;14
44094063034;4
20398738067;16
83159822996;18
98171338438;16
71275076259;16
42998159988;8
27300245189;36
49303566946;12
38238254732;12
93348242039;6
57917127122;30
84603833739;24
86664485635;18
19246445824;20
29584758616;20
80156763665;18
77975633215;2
83125340853;22
71957979101;14
98441756845;10
97778105346;18
85384721881;4
95498202735;6
49038423504;12
61927676069;16
67335318569;14
87149367080;14
70078452052;2
42420073476;10
47893598513;14
66786937824;14
55430590257;12
20353304441;12
56000489173;12
47219984783;12
22623039718;18
62454611417;16
25882106915;20
89964508308;4
28888453033;4
43117224056;14
43795015231;2
15769327451;16
23250544514;18
93068345480;10
51832044080;12
77909845627;8
14593707423;12
58104929304;12
84497187980;6
96374181953;6
93513489988;14
28010902606;18
43114020796;16
21882865415;6
90535758486;10
13386183063;6
50324891594;16
93645471003;2
16113608620;28
38704709588;8
83467262105;12
20989468988;10
47402094690;14
78722276125;12
47825206655;16
30441842457;6
38845003835;2
26287036823;14
61328445855;20
29840114463;44
10581463147;6
49475474712;14
93780721061;12
56695207409;34
20205318642;18
94206993838;18
21954328557;16
38084053592;16
87229446024;6
78998163214;10
39992773615;6
13309765382;12
43677795922;10
58806580049;14
93552499188;10
24422092250;18
39854569828;10
22785485283;34
95705835864;10
39727349205;2
55146461366;20
98292839952;18
90311890037;20
20773772188;10
57233789301;4
96514360223;26
54919745400;4
81348465432;12
43475295066;16
84629337562;14
10641084821;6
22487929215;18
71755691752;10
41175214628;12
24321904403;16
47170604947;10
91895211761;4
69550238948;26
34281861314;4
78291370538;10
37564943919;4
10767220497;26
43778730817;12
56820697904;28
58156711434;16
34096373436;2
14290632134;38
89028945771;12
41964010170;14
15711206032;6
89858056650;14
36859759926;8
36504867601;10
81914898861;18
10426337837;6
89024109032;4
86030876012;18
46569807326;8
95617815132;20
82859190317;20
32310655713;24
34178690043;16
21759562081;24
40497638077;4
49877503966;12
72990369325;16
69063103129;30
45019377462;12
70063365543;20
22385455109;6
67506423823;40
15420252820;4
25529945517;4
18875403314;8
97702727213;4
39966974996;4
99077294740;2
87169267557;8
47214787094;20
47776168333;4
91597443336;20
14016979892;6
32683612756;14
70629431368;16
32694297818;12
95473457956;2
11241098527;34
75380291734;10
32821620805;14
53050315922;2
56016384657;4
75048721384;44
41194500571;12
54867397517;12
76861495817;12
22130675685;16
28453638675;12
96803093976;16
59506493796;12
74129106891;20
14742071153;4
92582046478;18
25921546922;6
15609737575;20
57051284691;2
73796807924;20
69349139107;18
91858501409;12
46970870880;16
48298033103;4
69992164526;10
96171295085;12
68348240417;8
75767997612;16
46294979293;6
54502895599;18
30214180293;10
98865854838;2
43366242766;22
98447673663;12
83709453537;4
77248811655;4
93676478898;6
94522949331;20
11912335679;2
62852241935;4
39150063600;8
60896962256;18
65575313389;2
50906743674;2
91073989951;4
92603885845;2
76822378358;6
36775731079;16
73233048617;14
82936437037;8
22371357972;4
73634175557;10
87087120611;6
54952899541;18
41634776618;10
13902661362;12
81028697040;4
79084373831;8
92676556858;18
95705175700;20
91415450055;2
93852996372;30
78803001010;26
79359554021;12
52092275884;16
67163391378;12
49000813719;4
11875325524;18
45603334947;10
34797406887;48
63558974163;2
67087892318;2
84110658451;6
26634205117;16
71094114130;18
37928390597;16
51201394265;8
90215162542;2
65817440117;16
83059984615;4
71440122880;10
75150825286;16
63256616847;14
15578404162;2
70842583884;18
30879134193;12
67926352708;18
14524311021;6
89731089809;4
41569203993;10
56209339586;20
25621342554;18
59777341085;20
75819589453;4
57381668908;30
55071431852;20
63755704403;20
15306295519;14
29357591097;20
57192331988;10
30786915571;36
72319074514;8
97381055277;4
15944661735;14
35222505247;14
33461296524;12
48740826778;12
31253287247;6
23532961324;4
87392569104;4
27167430699;8
90642527667;18
21654397536;16
41942949482;6
89104943839;4
13448164755;26
80392555366;14
29292432607;14
95873155412;18
65891961203;12
63933610851;14
99585039007;32
36132349861;6
63830456152;20
36793581119;6
29823729018;12
23548677744;16
17855291823;22
76404240095;8
78719824879;10
87093333705;2
72936174607;12
35924614560;2
62795691619;20
93349318701;12
70658161747;20
54817945914;8
98753303387;10
37852174865;10
68945636735;16
72333409309;14
63087155879;8
29893947240;28
87627279044;4
40855792194;16
13440173293;8
38214890044;8
83150787987;6
67551068222;2
87747568436;18
71544053128;12
93507270895;18
96761838117;16
70202078295;2
13533788011;12
91242467618;12
83186730870;12
45437597879;8
38082779640;8
80245157757;18
61118519017;16
53450431498;4
21244671225;12
25396258264;20
74760474343;4
54480970586;20
31413014106;4
59924053539;6
12883697596;2
30761456371;20
61709752548;14
71675493717;8
23131690625;10
56184643286;20
83653189686;16
17682186596;10
33663375310;18
86534590870;24
73945053988;14
25875554632;12
58158327823;18
45307918904;10
60538555804;18
79321289092;20
95764365674;10
86901283154;34
82165061002;60
65402370748;18
24453207256;18
98575267277;6
56965590366;20
76251885407;14
62667597277;20
64678138659;24
49159580430;18
31486560977;16
29860371028;16
84982441856;34
50907380825;2
81440396777;4
67240642031;20
13951081366;10
84051009544;10
18707082555;4
86658314539;8
91877407410;10
36743230208;2
49674713623;16
90548682235;22
99907623003;10
49076289687;14
14446286588;10
47683502887;12
18305618710;8
79925167643;18
33647290942;2
42738557824;12
44323068602;34
26041791450;2
15296684790;14
22282313958;20
56132784202;4
63732679112;18
30619720195;20
36850819922;2
18353974405;20
62554125237;8
90133621027;20
50371843390;14
90259849907;6
19479994571;14
92841964511;10
25580731731;20
39025783882;18
61400351850;2
37691314500;20
25099991488;20
15951953603;14
49414418271;2
44860574481;20
31413143159;10
52979731659;12
48287588258;4
80496383272;18
37110918565;12
73837022687;32
69695024727;24
29879409221;10
70615669344;16
75428863929;16
77709863853;10
99334586047;12
95184017128;16
66895126883;4
76627162662;4
23846748151;10
18234648469;8
30629982945;18
76121838777;20
26792584531;6
43342168324;20
22990109407;16
24887087250;6
45198770362;18
48138570006;12
86880760801;16
52387504758;12
33209497866;12
66890962558;12
91654183069;10
63942778515;18
40142446362;16
45714615668;4
92463841163;14
21549913438;26
61483555699;14
86996022674;28
27309094620;8
85748221035;10
17809739229;8
89677524201;14
48978580140;18
99724403597;4
77849053647;20
78614256998;26
90300764763;20
21334058684;12
74701148918;30
26217504808;10
75643798325;14
13449847651;18
93452723762;16
54672860973;10
49412945867;18
35101587866;12
66229044611;16
40531389472;2
11878826863;6
26016276789;38
25324593753;14
30144066124;2
73601730601;8
60548941602;10
67510845116;18
35912668021;6
76486312023;6
42040211165;16
12696468365;16
31246272813;18
95423894904;18
40125932025;24
54002504612;8
52461038553;14
70394026177;10
60128435204;4
64476414572;2
53975320816;16
53423261759;4
37685607162;10
54765976861;18
23720336072;12
41553793421;20
56045649546;20
32895039021;14
16997944397;12
72403068659;20
43443969779;8
98735779683;4
56347453879;20
84586954053;14
41473512793;10
88298836983;4
83422208069;8
82890410058;18
29584627921;10
13771516991;4
64020557075;14
23744257200;4
31982625826;6
15359543588;10
45264294352;18
28714028523;28
68306516518;18
77880582543;20
33018147815;14
68710647224;4
10336056215;6
72972407069;12
22710047562;24
17887372317;28
44754039950;4
81421477745;10
17056974996;8
22703857243;20
44545029911;10
13592910877;16
76289069585;20
79148343988;4
99938607106;16
25706703691;18
85015970200;32
21458399392;12
39139443103;14
58614288265;30
61916595065;2
36085669640;18
76294367120;8
99898513493;2
35907347136;8
96628146788;8
72872849929;6
10950496115;2
10313745722;8
95584132322;14
16625447517;2
42979324166;10
86239751664;6
57383101998;8
82370176308;6
26030598683;16
42387707597;2
90220916130;6
73674216737;2
93079881190;4
47349166709;18
15653528864;6
29513857657;2
48802092509;10
51909686583;16
99792191527;4
48073239921;28
96116126744;8
38787836683;6
95657353286;14
82028341652;8
95329362678;4
42657921933;2
36328115986;6
41186427984;18
79551261002;20
33017613617;20
73065828804;8
67898569896;20
71602200814;8
29666476589;18
33324728785;16
56697312432;6
65507940426;20
95137419154;34
96981400445;24
55104629126;14
55036049717;14
83383717881;28
58378355000;14
19380825759;4
65590854235;10
93705000134;18
81247932141;8
46319600457;20
43085438410;2
22827252225;2
25335243349;22
39154335819;2
39085058999;4
34058067002;14
81650039176;16
80997403070;12
71243129896;16
77339866314;26
19997642728;2
38776615301;2
83502381580;16
33303444010;10
17697497490;12
30800654408;20
20478561861;32
12948139227;14
30254173745;2
84940499231;8
66394463055;14
84732859656;16
77440159392;16
77835580846;18
91268490917;4
76068993280;8
44829180381;6
87967973294;4
30217940344;10
39764131787;6
51526611579;6
46237780323;12
41115858990;20
52877917467;8
55761943995;12
94978749867;20
34974155472;14
22005380173;20
74509557286;12
53696912858;20
95381231474;8
62145385449;8
40692258207;34
93709250563;4
27324471047;14
38903147092;18
72984000819;16
77809757825;12
43491377153;18
43970141754;4
26344147015;8
91393570417;8
18376409843;4
75547749688;22
34429555986;6
62249205488;4
53581523743;12
75252614479;12
17470466418;16
20131006044;4
37963055267;2
70147487276;14
25820931131;32
53063812101;20
47788734663;8
89950807976;36
29844643351;18
51462237858;18
42476262226;4
16777592696;4
95838976427;6
52911322221;2
32497847096;12
18616379361;20
88168839895;4
28867188305;8
94738328611;10
55506514831;12
53940516112;4
35416680734;12
35690930497;12
57385964102;10
93472012257;2
85589322648;12
87261722050;8
54985249964;6
21447530806;10
85685997558;12
20287487705;6
74924153753;20
64459812621;18
12132055878;20
59229966303;14
59498610446;2
38577230264;10
33426605545;16
61016752212;8
18816557539;16
98952562576;10
78062327899;12
67401904576;10
64737953316;18
54521074888;2
82488027810;12
75162874147;20
34149857942;18
96393288895;8
56522850641;14
43878129036;14
41494489517;6
34690589994;14
44697325748;8
66923403837;2
86942431512;6
83957873658;10
70988037192;14
50011533000;10
31682551025;12
19224163318;18
67654558895;10
83106267751;14
93704454779;6
97324167489;2
37088750018;10
55891885906;12
37582785160;12
96557460972;10
64679148569;4
16503931389;8
61350670350;12
28291563968;16
81850047975;20
40190320414;14
67465214161;20
34313062309;20
66849970303;2
34515688215;10
39212332634;6
63362710500;4
75074190972;10
17518780598;6
63305837976;8
38067242515;16
49269317040;18
11363943523;6
16122266006;16
40395362508;20
39936257500;14
67668024417;12
49476752138;14
73784660291;16
62122580699;10
20178639561;16
63872222286;16
23561545979;10
72617193059;18
29860395943;20
94188174645;14
41949034421;2
57496031303;6
57517928757;6
72927652993;16
41654511823;16
87334878136;24
30142955387;18
80750489882;4
12120382571;6
87106228887;6
23573200216;16
95978163941;12
25495823841;18
92542075554;10
50747957942;18
56047633962;14
55703811619;4
85367879711;14
69996163582;20
27758977572;18
21668158360;8
35892359325;14
79939842109;4
72995654043;10
40219479195;4
79730431505;2
35432088689;10
80914608073;12
47399111001;20
47240766423;16
55968607427;16
16889685780;4
61286526628;12
88165631863;14
35824297369;2
71794680657;4
59242133013;8
65914827700;10
61357154022;18
62891731987;22
89160243329;4
67984973068;14
35305285832;10
16404856308;6
41200859889;20
21933417290;20
12509737006;12
95297137839;2
88675911316;16
81997728972;4
50318881085;10
43685981359;10
54429730960;12
22454677038;16
10379764465;2
74539143645;4
80019064150;18
13820901593;10
33549434702;4
69484336783;8
21321456847;16
94954223758;8
23156847273;6
15146130274;10
78191486772;28
18693297796;4
16480816277;12
44977821727;16
58128671318;12
98315975343;14
38808545295;6
31802868338;16
73503364728;36
89102542199;14
99907095004;20
79327597570;10
34963470820;2
16295504585;4
86280047314;2
72741175650;2
68364636987;12
47510972565;4
33180540577;6
68137531815;16
10675154104;6
46516646073;18
91949759010;16
79737488279;18
39656518698;2
70052863837;10
87685753919;18
30869848608;8
54312043358;20
20888758742;10
56511329081;16
59920279798;6
13099544288;2
20311689747;28
76819969433;10
13913694855;18
70120632307;8
99803325827;10
97387812670;10
16222350276;6
38581342421;16
76763137829;14
59320044274;2
74389536842;20
71845377109;8
66700945086;16
73390340591;16
12319620083;22
50669886592;2
99515681317;14
41658635726;2
38871785849;6
67803868715;10
23898132192;4
17567060895;20
39873391754;8
86147522582;14
62610920838;4
83217028054;18
27324182833;6
74511756964;20
89219557738;16
62440802302;20
79384689361;4
80578007902;12
32111073573;34
67105345985;8
42937479548;6
36415034519;18
29299500777;4
37280071779;20
61888437130;6
43587586656;10
40203695972;6
64771286845;12
96651523711;18
45321917924;12
91611749947;2
62668434556;10
68740664199;4
99978615463;2
36801649798;12
38944504546;12
91942855328;12
12754764482;18
70245480722;6
64798248777;28
28449962512;16
51624120614;2
75527673163;12
92072758142;26
47436833458;2
85783493720;18
43017002279;8
73534650269;16
60351609870;10
72575190027;2
77879585586;18
25954847815;4
28897144639;16
90120981839;8
59519289170;10
37866890695;10
55434282369;6
12266782176;6
34600974745;14
10427238549;2
19812365406;18
82529736984;18
36230006701;6
14896166775;12
31122382934;2
27584090141;14
18358795087;10
69373462339;14
77960562314;18
79656987664;4
84327728085;4
44186607921;20
11540975566;18
82799848895;8
92958651655;20
62546827400;12
80099708932;8
20115293689;2
65861467875;8
22672028130;18
94020060391;10
45452424397;12
93516447800;2
35608455430;12
25550243753;12
84531714771;32
70679534601;18
73750572943;2
74635783893;8
29541612005;6
65198104388;34
45063799415;14
92609189560;14
93442306699;12
76379863035;4
45118850790;4
55049607402;6
57061853038;6
12857681180;12
87918536450;18
63924768214;2
27199054816;10
65472328925;20
27829417310;20
83218295625;10
75961682440;6
32437541046;12
95591302050;2
57447856594;20
89911593081;6
80238297532;12
65100597884;6
63382803416;4
59559555113;12
70704895197;8
85146328147;4
53906661433;20
52130636094;8
21000418071;8
76357204715;2
30909003250;4
58173835522;18
23661230308;16
62782874612;12
54381729450;10
56762324268;10
48003482187;16
35445465424;6
83021777922;16
49769875884;14
78560936189;8
79800166488;16
58572942329;10
56680196658;2
37000031201;10
29840309625;18
68002628099;2
83906446309;20
77911226809;12
29599167124;4
39995773870;2
59476939187;2
96025464461;4
56312605780;12
34202888476;20
83170698939;6
11515069965;20
13975341569;8
18157965941;10
91370081929;14
54719532841;2
27506591149;10
83640781927;20
34654981090;18
96017216890;14
87755927031;2
41166351989;18
13335735868;14
70138180706;4
73064115078;2
38720365589;6
27548540470;6
85437014339;2
14797807213;12
91661434278;2
95347592259;16
13014616471;16
92366791804;20
22155564480;10
27392289275;14
58791383292;18
80996557703;4
11698850642;18
60436489444;6
76719548151;24
44679970374;6
81614113784;24
33933366375;10
72663218680;16
19317857370;2
34060689956;18
99910631971;14
62790853942;6
19209298663;4
63055850177;20
31849548792;10
49789243359;10
37090045945;12
93714562449;20
92144938049;16
23477313511;4
36236506401;16
36651305667;2
54973820859;16
99239212669;4
33778424594;2
13861353004;18
92615137302;14
53314553079;2
66398672983;14
80835862053;10
76938893675;4
17103237747;2
86341951570;8
37804311271;18
52497738802;14
17775623990;20
31092369780;14
65909318110;6
90570716299;24
34154162742;2
95078895242;10
91098919571;16
10486379767;20
75753488296;8
36482011207;10
49436345527;6
73337596583;20
70159583405;12
81509493184;14
49734726414;6
17460845254;10
63473878328;6
11495515405;4
65124526049;12
96930709767;18
29342092270;2
37783874458;14
96663813924;20
39518733494;10
13958668330;16
27904986969;2
24533784170;36
49781950785;4
83918377054;18
36830625846;10
34838375774;16
23811149466;14
26496614793;4
65414975871;14
26782928001;6
83295197420;4
68553935497;4
44862377832;12
76685302606;14
79808959364;6
78529792665;14
63679666112;20
75863425517;12
84468237282;2
58878861493;18
49802535993;4
33779563366;16
48417118723;6
76497328526;14
26886842005;12
73273830581;10
95053974402;14
88088296997;6
21151747264;20
71320627447;14
79324722123;20
32475298689;18
64940523598;14
63009101301;10
50018488588;2
96677603643;14
42061172403;12
46307191377;6
42665953268;6
44752687762;2
46051136489;6
46152823279;16
29396037883;20
56225826380;8
47237047276;14
54542307194;20
73197821987;8
30780950485;18
85181200623;20
47394259343;10
14905794880;8
29386270731;18
18228892332;6
16317262050;14
52932428615;20
69287223189;20
84282304631;12
69029015353;20
34848363254;20
73509348188;14
32098415340;4
28096371598;12
93665620420;18
31082667204;30
40902599161;10
33781936809;10
21316838445;16
69871096344;10
68089446746;12
63568712554;6
75474562188;2
15607531417;4
43975817245;2
42696393858;8
17243128604;8
93362434279;18
48917666264;18
10564180909;20
22695105396;18
31638805065;12
61691683133;10
45154461269;16
64436838423;4
18165115171;8
75017702217;12
24342442830;12
78427673920;4
80654918887;12
31463421163;12
96419779214;8
16118379146;8
11281780186;4
76311457110;16
87000446149;14
77261173687;16
48565704556;14
96338869431;20
71157427036;6
75574203497;10
21682934403;20
57042756299;20
67889712417;12
30886008628;20
34049968552;16
28957183797;18
90657989463;14
93820576297;6
19431937228;18
98473408500;4
73036429454;16
67780099729;14
50433537571;16
31850047425;8
61698614898;4
17247455802;2
76397940448;2
99803961552;20
48139997022;4
34523855791;10
44139904450;20
53983908039;2
92318660142;10
37596096644;6
15311282623;18
82123716564;10
48641230411;10
92024961042;10
84491974328;14
58954974692;16
32240279745;8
62224207569;10
66443762439;2
63401899360;14
93092343176;18
34950675493;16
22589992947;14
94019033556;4
50224820273;4
54276374645;2
36992496329;2
42140077771;2
77185597303;14
39437827769;8
41737852346;4
67182645863;16
19063684592;6
63983199570;20
46822505805;2
33517626192;16
30358121737;10
71090955380;4
68522763905;4
21802042736;2
41822190741;10
89226086215;18
57520298534;14
41540620740;10
43626939870;4
85858273394;16
34074292632;18
16398510869;18
36212400317;18
94219463520;12
12249201413;12
71412546529;14
30033483575;20
48036117990;10
34053990810;8
67533867068;4
27198912222;4
58974453010;8
59357324108;2
30435784176;10
10319976634;20
47830542257;18
46495558766;10
62453509292;14
31784054838;18
96622197949;4
66218224606;8
53829766071;4
85607915091;10
31801694041;4
24679506867;18
92854845222;4
21624837123;14
93887130056;12
55885454098;6
14638425546;6
60652651467;18
42375905799;18
24597692909;8
15685492348;30
13198907362;10
52171180151;4
77545379741;14
93647147036;12
45041513150;8
43758912573;14
17654362016;16
54978254992;10
18152207665;2
83871149807;6
47476083100;6
48741173513;14
56183885343;8
99099123645;14
13990831340;2
98943767259;14
51910412005;18
71482408298;10
55813270841;8
82440159092;20
90268511706;18
24814569961;20
26569535959;8
75518269709;4
58358049401;6
78209527148;4
84191688980;12
13256640561;20
27316323545;12
27833650262;4
24004437023;20
84084496590;20
11444182109;18
15757741048;10
84812921534;14
31508004277;20
41946722443;2
98865103858;10
80414461129;16
35334244687;2
79501984751;14
98366771319;18
73936320102;4
45680882529;18
76001782222;6
21472563178;14
86305628460;20
92829870597;10
50845470462;16
99272505087;8
77250784631;20
18906629569;4
90153074462;2
88603248511;2
19125875857;16
47788296059;18
42249912741;20
96980965178;8
61939468630;10
23232257366;2
99067136431;8
32861366439;10
57781434887;12
24537547683;14
21763742111;20
15482309116;14
36414675612;4
20540147096;20
84082643073;12
47937197815;2
47020677252;4
47745468363;12
13901613395;8
97370744536;16
18125345322;10
23509417161;12
33674047497;18
34364570784;6
73558185471;6
83980939210;4
64612019841;10
15149167700;16
22353987393;16
59056940354;16
50746595739;10
49682217278;8
16212928557;20
67923560054;14
10711387679;8
34474852943;10
48905100168;2
44076105762;16
18639076730;20
71293693238;14
64658863509;14
76520555740;14
93954754309;16
76736916463;10
46075276773;16
49253040832;2
53724364166;4
79084325476;2
55809490927;12
31632556546;14
95974506685;14
45981752627;8
75026701064;8
12876524902;8
49454522208;20
43036097053;12
24490961055;18
19782098731;14
37220459877;20
35814083386;12
21829691873;12
45860301646;2
